0
0
1
1
1
1
1
1
1
1
1
1
1
1
1
1
1
1
1
1
1
1
1
1
1
1
1
1
1
1
0
0
0.3333333
0.1666667
0.1666667
0.1666667
0.5
0.5
0.5
0.3333333
0.3333333
0.3333333
0.3333333
0.3333333
0.3333333
1
1
0.5
0.5
0.5
0.5
0.5
0.5
0.5
0
0
0
0
1
1
1
0.3333333
0.3333333
0.3333333
0.3333333
1
1
1
1
1
1
1
1
1
1
1
1
1
1
1
1
1
1
1
1
1
1
1
0.5
1
1
1
1
1
0.5
1
1
1
1
1
1
1
1
1
1
1
1
1
1
1
1
0.1666667
0.1666667
0.1666667
1
1
1
1
1
1
1
1
1
1
1
1
1
1
1
1
1
1
1
0.3333333
0
0
0
0
0
0.5
1
1
1
1
1
1
1
1
1
1
1
1
1
1
1
1
1
1
0.5
0.5
1
0.3333333
0.3333333
0.3333333
0.3333333
0.5
1
1
1
1
1
1
1
1
1
1
1
1
1
1
1
1
1
1
1
1
1
1
1
1
1
1
1
1
1
1
1
1
1
1
1
1
1
1
1
0.3333333
0
0
1
1
1
1
1
1
1
1
1
1
1
1
1
1
1
1
1
1
1
1
1
1
0.3333333
0.1666667
0.1666667
0.1666667
0.1666667
0
0
0.1666667
0.1666667
0.1666667
0
0
0
0
0
0
0.1666667
0.1666667
0.1666667
0.1666667
0.1666667
0.5
0.5
0
0
0
0
0
0
0
0
0
0
0
0
0
0
0
0.5
0.5
0.5
0.1666667
0.1666667
0.1666667
0.1666667
0
0
0
0
0
0
0
0
0
0
0
0
0
0
0
0
0
0
0
0
0
0
0
0
